10010001 000 00000 00010 10000 100000	96	ADDI	R0, R1, #5
00010100 000 00000 00000 00000 001110	100	B	#14
10010001 001 11111 11011 00010 100100	104	ADDI	R4, R5, #-10
10001011 000 00000 00000 00010 000011	108	ADD	R3, R4, R0
11001011 000 00011 00000 00000 000010	112	SUB	R2, R0, R3
11010001 001 11111 10110 00001 000001	116	SUBI	R1, R2, #-20
10010001 000 00000 10110 00000 100110	120	ADDI	R6, R1, #44
10001010 000 00000 00000 00011 000111	124	AND	R7, R6, R0
10101010 000 00000 00000 00011 001000	128	ORR	R8, R6, R0
11101010 000 00000 00000 00011 001001	132	EOR	R9, R6, R0
11010010 101 00000 00011 11111 101010	136	MOVZ	R10, 255, LSL 16
11010010 100 00000 00011 11111 101010	140	MOVZ	R10, 255, LSL 0
11110010 110 00000 01111 10100 001011	144	MOVK	R11, 1000, LSL 32
11110010 100 00000 01111 10100 001011	148	MOVK	R11, 1000, LSL 0
00010100 000 00000 00000 00000 000010	152	B	#2
00010111 111 11111 11111 11111 110011	156	B	#-13
10010001 000 00011 00100 00110 001100	160	ADDI	R12, R12, #200
11111000 000 00010 10000 00110 001100	164	STUR	R12, [R12, #40]
11111000 010 00010 10000 00110 001101	168	LDUR	R13, [R12, #40]
11010011 011 00000 00010 00101 001010	172	LSL	R10, R10, #4
11010011 100 00000 00001 00010 000100	176	ASR	R4, R4, #2
11010011 010 00000 00001 00011 000110	180	LSR	R6, R6, #2
00010100 000 00000 00000 00000 000010	184	B	#2
00010100 000 00000 00000 00000 000100	188	B	#4
11010001 000 00000 00000 10000 000000	192	SUBI	R0, R0, #1
10110101 111 11111 11111 11111 100000	196	CBNZ	R0, #-1
10110100 111 11111 11111 11110 100000	200	CBZ	R0, #-3
00000000 000 00000 00000 00000 000000	204	NOP
11111110 110 11110 11111 11111 100111	208	BREAK
00000000000000000000000000000001	212	1
00000000000000000000000000000010	216	2
00000000000000000000000000000011	220	3
00000000000000000000000000000100	224	4
00000000000000000000000000000101	228	5
00000000000000000000000000000111	232	7
00000000000000000000000000001000	236	8